# TimeBinCenter[d] 	 Rate[cpd/100t] 	 SigmaRate[cpd/100t] 	 Trend [cpd/100t] 
1.500000000000000000e+01 5.865125070972144528e+01 1.524566666349818966e+00 5.865518374918094935e+01
4.500000000000000000e+01 5.865912093749108180e+01 1.577336889330680281e+00 5.567964453815936565e+01
7.500000000000000000e+01 5.268966377033274284e+01 1.473872787032789233e+00 5.308416463371587923e+01
1.050000000000000000e+02 5.131533239002407498e+01 1.390460296888653025e+00 5.081991693297320012e+01
1.350000000000000000e+02 4.884478310062949191e+01 1.403608901697504630e+00 4.884434726449951825e+01
1.650000000000000000e+02 4.422965307787833922e+01 1.268894146512254961e+00 4.712036849021914975e+01
1.950000000000000000e+02 4.295542366034681692e+01 1.256350309748044181e+00 4.561565814292462306e+01
2.250000000000000000e+02 4.318538843760338608e+01 1.298551764779035889e+00 4.430204629793082916e+01
2.550000000000000000e+02 4.212252191294013670e+01 1.241585703234461935e+00 4.315498208628115862e+01
2.850000000000000000e+02 4.305826536368417123e+01 1.269167282816527909e+00 4.215306874624261013e+01
3.150000000000000000e+02 4.345468304710816199e+01 1.300199515963306629e+00 4.127765840781643192e+01
3.450000000000000000e+02 4.378418995254575918e+01 1.657256030267383329e+00 4.051249893622494369e+01
3.750000000000000000e+02 4.089382231264799827e+01 1.669483304967152026e+00 3.984342614623686529e+01
4.050000000000000000e+02 4.107934775719974141e+01 1.445166411054378042e+00 3.925809555843390086e+01
4.350000000000000000e+02 4.089147083026782070e+01 2.690461254217266340e+00 3.874574861737351483e+01
4.650000000000000000e+02 4.057600695252390466e+01 3.531688089168730116e+00 3.829700894424804858e+01
4.950000000000000000e+02 4.098068784831277611e+01 1.372904699429600361e+00 3.790370476543835565e+01
5.250000000000000000e+02 3.720451629961313245e+01 1.444903684070878880e+00 3.755871415408418557e+01
5.550000000000000000e+02 3.501738939452638988e+01 1.141534269678331492e+00 3.725583015382979113e+01
5.850000000000000000e+02 3.683324874266972415e+01 1.171229169885931842e+00 3.698964323043566793e+01
6.150000000000000000e+02 3.629705895011856143e+01 1.154179326413843798e+00 3.675543882510496019e+01
6.450000000000000000e+02 3.703486985625878702e+01 1.194052127693207233e+00 3.654910806937232337e+01
6.750000000000000000e+02 3.554883534924199751e+01 1.318433324103508442e+00 3.636706997065861913e+01
7.050000000000000000e+02 3.530641238858116537e+01 1.328774358986483328e+00 3.620620359482832384e+01
7.350000000000000000e+02 3.679190660184325878e+01 1.267932833984104057e+00 3.606378896141146129e+01
7.650000000000000000e+02 3.645025966282095453e+01 1.245844227094957679e+00 3.593745553215389776e+01
7.950000000000000000e+02 3.547720539417439056e+01 1.151638820644028671e+00 3.582513731736327856e+01
8.250000000000000000e+02 3.729105291225992858e+01 1.170500557024661825e+00 3.572503374984709978e+01
8.550000000000000000e+02 3.604563189483799590e+01 1.165799050186818286e+00 3.563557558546700932e+01
8.850000000000000000e+02 3.535646194262202613e+01 1.163772120443164804e+00 3.555539518452808778e+01
9.150000000000000000e+02 3.491458798206930680e+01 1.136373046682440879e+00 3.548330061118724643e+01
9.450000000000000000e+02 3.547420138276618928e+01 1.207555858542634031e+00 3.541825306037078036e+01
9.750000000000000000e+02 3.391389502284881274e+01 1.162553348722585866e+00 3.535934718470836913e+01
1.005000000000000000e+03 3.718644394306721068e+01 2.154152859178672941e+00 3.530579394891159239e+01
1.035000000000000000e+03 3.408181773652417235e+01 1.104018368721249255e+00 3.525690568689027771e+01
1.065000000000000000e+03 3.636212926131908318e+01 1.161545611927766952e+00 3.521208307861591180e+01
1.095000000000000000e+03 3.657601093188640107e+01 1.156635022679787683e+00 3.517080380009767993e+01
1.125000000000000000e+03 3.746621553843334596e+01 1.241311099456436917e+00 3.513261263152239167e+01
1.155000000000000000e+03 3.507742020250607595e+01 1.284275600398552930e+00 3.509711283622483791e+01
1.185000000000000000e+03 3.313583348681225971e+01 1.182668611948779036e+00 3.506395864722170330e+01
1.215000000000000000e+03 3.618431095992702495e+01 1.178323286898007582e+00 3.503284871901806241e+01
1.245000000000000000e+03 3.612252716220442750e+01 1.167065878475446850e+00 3.500352042067541447e+01
1.275000000000000000e+03 3.320255858280626171e+01 1.240837872697069244e+00 3.497574486206266187e+01
1.305000000000000000e+03 3.417882530483642967e+01 1.139927645977093285e+00 3.494932255909608898e+01
1.335000000000000000e+03 3.268676643281560246e+01 1.095662900176916033e+00 3.492407965587605645e+01
1.365000000000000000e+03 3.538680013365920018e+01 1.142104063276937254e+00 3.489986463217464063e+01
1.395000000000000000e+03 3.558353784624117822e+01 1.238109629551433555e+00 3.487654543391995077e+01
1.425000000000000000e+03 3.651165526715739418e+01 1.247214385217238819e+00 3.485400697233373535e+01
1.455000000000000000e+03 3.487682250693595165e+01 1.315404274069163382e+00 3.483214894436073905e+01
1.485000000000000000e+03 3.559013900119308005e+01 1.512080113943170545e+00 3.481088393311244999e+01
1.515000000000000000e+03 3.621351471722320525e+01 1.168786161728688988e+00 3.479013575235128997e+01
1.545000000000000000e+03 3.492996064136307410e+01 1.111270086372147636e+00 3.476983800366276256e+01
1.575000000000000000e+03 3.402920183549721145e+01 1.194190874310699924e+00 3.474993281899110542e+01
1.605000000000000000e+03 3.373319777661574648e+01 1.207842233837423063e+00 3.473036976472424442e+01
1.695000000000000000e+03 3.075482946539908724e+01 1.146164822017431417e+00 3.467332135054242315e+01
1.725000000000000000e+03 3.284826752749405188e+01 1.081800078341058624e+00 3.465474020994969351e+01
1.755000000000000000e+03 3.512515115034721447e+01 1.141414045177630898e+00 3.463633109674009347e+01
1.785000000000000000e+03 3.503056003740567803e+01 1.340407127971885215e+00 3.461807191015570595e+01
1.815000000000000000e+03 3.334579770349576222e+01 1.129879251690737441e+00 3.459994338877434217e+01
1.845000000000000000e+03 3.548142085706865601e+01 1.217719211387182199e+00 3.458192874573354914e+01
1.875000000000000000e+03 3.702641377984414106e+01 1.269995515228872440e+00 3.456401335081809378e+01
1.905000000000000000e+03 3.542057044678307420e+01 1.125171502019193248e+00 3.454618445339054489e+01
1.935000000000000000e+03 3.451130459413071350e+01 1.142783490486340758e+00 3.452843094091748100e+01
1.965000000000000000e+03 3.249718926415938824e+01 1.171878616982005017e+00 3.451074312851851289e+01
1.995000000000000000e+03 3.245521138278018469e+01 1.293046572223137902e+00 3.449311257555235244e+01
2.025000000000000000e+03 3.540285417336676943e+01 1.261975460557934303e+00 3.447553192576651071e+01
2.055000000000000000e+03 3.492267548219886919e+01 1.322790658425819998e+00 3.445799476798337224e+01
2.085000000000000000e+03 3.277286131056931850e+01 1.134151632862873793e+00 3.444049551468422976e+01
2.115000000000000000e+03 3.407522063629978248e+01 1.172223226016460895e+00 3.442302929619186358e+01
2.145000000000000000e+03 3.527499927860760920e+01 1.142070269799142279e+00 3.440559186844784278e+01
2.175000000000000000e+03 3.370571161289759488e+01 1.176337446164779754e+00 3.438817953263777838e+01
2.205000000000000000e+03 3.450283433831127411e+01 1.128967226863970774e+00 3.437078906514257426e+01
2.235000000000000000e+03 3.466146054025309553e+01 1.115791894159035236e+00 3.435341765648895063e+01
2.265000000000000000e+03 3.383218036811093299e+01 1.182914446340009418e+00 3.433606285814322945e+01
2.295000000000000000e+03 3.359857558990174198e+01 1.094120157988605291e+00 3.431872253614052681e+01
2.325000000000000000e+03 3.422959995339467554e+01 1.201963823091818373e+00 3.430139483067138428e+01
2.355000000000000000e+03 3.224043237083816393e+01 1.195731449529045864e+00 3.428407812086040707e+01
2.385000000000000000e+03 3.329090567119392574e+01 1.098763615126696624e+00 3.426677099406982308e+01
2.415000000000000000e+03 3.343192731352006319e+01 1.101619459301788728e+00 3.424947221914671047e+01
2.445000000000000000e+03 3.366210695104658868e+01 1.091568606885070070e+00 3.423218072310723414e+01
2.475000000000000000e+03 3.519764819349918383e+01 1.108621712551674854e+00 3.421489557081629584e+01
2.505000000000000000e+03 3.462920754488919783e+01 1.112450421055015237e+00 3.419761594727777521e+01
2.535000000000000000e+03 3.621051252222238759e+01 1.134908327880952861e+00 3.418034114219997122e+01
2.565000000000000000e+03 3.675582191292640744e+01 1.133230536625053464e+00 3.416307053654404768e+01
2.595000000000000000e+03 3.520143791327835459e+01 1.115400242948813236e+00 3.414580359080051153e+01
2.625000000000000000e+03 3.546542859954514171e+01 1.163582968135315365e+00 3.412853983477189246e+01
2.655000000000000000e+03 3.462960589306069892e+01 1.128293529661079653e+00 3.411127885866811482e+01
2.685000000000000000e+03 3.596133935639017665e+01 1.133237984712606172e+00 3.409402030534576511e+01
2.715000000000000000e+03 3.437446678939910782e+01 1.152234744660972199e+00 3.407676386354447118e+01
2.745000000000000000e+03 3.265110365669363546e+01 2.759521917703644966e+00 3.405950926199222550e+01
2.805000000000000000e+03 3.208014717738387134e+01 1.253475073620210267e+00 3.402500466432412907e+01
2.835000000000000000e+03 3.443757256994581439e+01 1.322567006800901224e+00 3.400775428258466349e+01
2.865000000000000000e+03 3.486036484018605819e+01 1.310132738342765890e+00 3.399050496254400144e+01
2.895000000000000000e+03 3.340971204211064105e+01 1.076612923987222192e+00 3.397325656780324010e+01
2.925000000000000000e+03 3.389685484763104739e+01 1.219974501008353363e+00 3.395600897948693841e+01
2.955000000000000000e+03 3.562572768736158935e+01 1.332326674726386884e+00 3.393876209399187616e+01
2.985000000000000000e+03 3.357264214665085689e+01 1.154251213436637169e+00 3.392151582102497542e+01
3.015000000000000000e+03 3.583465084989511240e+01 1.171918396866117096e+00 3.390427008189331559e+01
3.045000000000000000e+03 3.342203409366456412e+01 1.109760427357174395e+00 3.388702480801384098e+01
3.075000000000000000e+03 3.431385506855366430e+01 1.132525976206203655e+00 3.386977993961451716e+01
3.105000000000000000e+03 3.444582627679552900e+01 1.104850392964832562e+00 3.385253542460238663e+01
3.135000000000000000e+03 3.401994399619391629e+01 1.231604665375540586e+00 3.383529121757695179e+01
3.165000000000000000e+03 3.433271552095524015e+01 1.792153162126497001e+00 3.381804727897046092e+01
3.195000000000000000e+03 3.458002690981962957e+01 1.118397997419363188e+00 3.380080357429849869e+01
3.225000000000000000e+03 3.357392904933868749e+01 1.127938205631132673e+00 3.378356007350695478e+01
3.255000000000000000e+03 3.386355246794523310e+01 1.158109058560386817e+00 3.376631675040284364e+01
3.285000000000000000e+03 3.277603991206318312e+01 1.191265433054683465e+00 3.374907358215823905e+01
3.315000000000000000e+03 3.538408959542078946e+01 1.415363583816831472e+00 3.373183054887798704e+01
3.345000000000000000e+03 3.537725717942153381e+01 1.151431646419355470e+00 3.371458763322289087e+01
3.375000000000000000e+03 3.146735017911521837e+01 1.063790595556455054e+00 3.369734482008139764e+01
3.405000000000000000e+03 3.482903065857183833e+01 1.100290914450760438e+00 3.368010209628332063e+01
3.435000000000000000e+03 3.060201502187033995e+01 1.042913881945856103e+00 3.366285945035050986e+01
3.465000000000000000e+03 3.204364729770979636e+01 1.201730662539805650e+00 3.364561687227944731e+01
3.495000000000000000e+03 3.348850465430535195e+01 1.101095250307708717e+00 3.362837435335176650e+01
3.525000000000000000e+03 3.303439110785878086e+01 1.092680539472735246e+00 3.361113188596917212e+01
3.555000000000000000e+03 3.423990173742283361e+01 1.122770608705287776e+00 3.359388946350956218e+01
3.585000000000000000e+03 3.408693731800194371e+01 1.671249601376019189e+00 3.357664708020156752e+01
